#DataThief /Users/djaffe/Documents/Kaons/KOPIO/ProjectK/Kplus/PhotoDetectors/PMTs/QE.png Thursday 29-Nov-2012 3:01:30 PM
220.831, 0.159
222.134, 8.466e-2
221.697, 0.234
222.131, 0.234
222.975, 1.655
224.255, 2.926
225.107, 3.823
225.956, 4.944
227.229, 6.589
228.081, 7.561
228.932, 8.533
230.216, 9.58
231.075, 10.104
231.937, 10.403
233.233, 10.777
234.098, 10.927
234.964, 11.002
235.831, 11.152
237.13, 11.302
237.996, 11.377
238.863, 11.452
240.162, 11.677
241.026, 11.902
241.885, 12.425
243.178, 12.948
244.038, 13.398
244.9, 13.772
246.19, 14.445
247.05, 14.894
247.911, 15.343
249.201, 16.016
250.061, 16.465
250.922, 16.914
252.213, 17.512
253.074, 17.96
253.935, 18.335
255.226, 19.008
256.087, 19.382
256.947, 19.831
258.238, 20.43
259.101, 20.804
259.96, 21.253
261.253, 21.851
262.114, 22.225
262.976, 22.599
263.835, 23.048
265.128, 23.647
265.988, 24.021
266.851, 24.395
268.142, 24.992
269.004, 25.367
269.866, 25.741
271.16, 26.19
272.023, 26.49
272.886, 26.789
274.179, 27.313
275.043, 27.537
275.906, 27.837
277.201, 28.211
278.064, 28.51
278.927, 28.81
280.223, 29.184
281.085, 29.483
281.948, 29.783
283.244, 30.157
284.107, 30.456
284.971, 30.681
285.834, 30.98
287.129, 31.354
287.992, 31.654
288.855, 31.952
290.149, 32.402
291.013, 32.627
291.876, 32.926
293.171, 33.375
294.033, 33.674
294.896, 33.974
296.191, 34.423
297.053, 34.722
297.916, 35.021
299.211, 35.47
300.073, 35.77
300.936, 36.069
302.231, 36.518
303.093, 36.818
303.956, 37.117
305.251, 37.565
306.113, 37.865
306.976, 38.165
307.839, 38.464
309.135, 38.838
309.999, 39.063
310.863, 39.287
312.16, 39.587
313.025, 39.737
313.89, 39.96
315.189, 40.111
316.054, 40.261
316.921, 40.336
318.219, 40.561
319.086, 40.636
319.952, 40.786
321.25, 41.011
322.115, 41.161
322.98, 41.311
323.846, 41.461
325.146, 41.611
326.011, 41.761
326.877, 41.91
328.176, 42.06
329.041, 42.21
329.908, 42.285
331.206, 42.51
332.073, 42.585
332.94, 42.661
334.238, 42.811
335.105, 42.96
335.972, 43.036
336.838, 43.111
338.138, 43.261
339.005, 43.336
339.87, 43.486
341.171, 43.561
342.038, 43.636
342.903, 43.786
344.204, 43.861
345.071, 43.937
345.937, 44.012
347.237, 44.162
348.104, 44.237
348.97, 44.312
349.837, 44.387
351.137, 44.537
352.003, 44.612
352.87, 44.687
354.169, 44.837
355.036, 44.913
355.903, 44.988
357.204, 45.063
358.072, 45.063
358.939, 45.139
360.238, 45.289
361.106, 45.289
361.974, 45.289
362.842, 45.29
364.146, 45.216
365.014, 45.216
365.882, 45.216
367.185, 45.142
368.053, 45.143
368.922, 45.068
370.224, 45.069
371.093, 45.069
371.959, 45.144
373.26, 45.22
374.127, 45.295
374.994, 45.37
375.859, 45.445
377.161, 45.52
378.028, 45.596
378.895, 45.671
380.195, 45.746
381.063, 45.746
381.93, 45.821
383.231, 45.897
384.098, 45.972
384.964, 46.047
385.831, 46.121
387.132, 46.198
388.0, 46.198
388.867, 46.198
390.169, 46.274
391.037, 46.274
391.904, 46.349
393.206, 46.35
394.074, 46.35
394.942, 46.35
396.244, 46.351
397.112, 46.351
397.98, 46.351
398.849, 46.278
400.151, 46.278
401.021, 46.204
401.889, 46.204
403.192, 46.13
404.062, 46.056
404.931, 45.98
406.234, 45.907
407.104, 45.833
407.972, 45.833
408.841, 45.759
410.144, 45.685
411.014, 45.609
411.882, 45.611
413.185, 45.537
414.053, 45.537
414.921, 45.537
416.225, 45.463
417.093, 45.464
417.962, 45.389
418.831, 45.315
420.136, 45.166
421.007, 45.017
421.877, 44.867
423.186, 44.495
424.062, 44.047
424.934, 43.823
426.242, 43.45
427.114, 43.226
427.986, 43.002
428.858, 42.778
430.165, 42.48
431.036, 42.331
431.907, 42.182
433.211, 42.033
434.081, 41.958
434.948, 41.959
436.253, 41.81
437.123, 41.736
437.992, 41.587
438.863, 41.512
440.169, 41.289
441.039, 41.139
441.909, 41.065
443.215, 40.842
444.084, 40.767
444.955, 40.617
446.261, 40.394
447.131, 40.245
448.002, 40.096
448.871, 39.947
450.184, 39.425
451.054, 39.276
451.927, 38.976
453.236, 38.604
454.108, 38.38
454.98, 38.081
455.853, 37.858
457.163, 37.41
458.035, 37.186
458.908, 36.887
460.215, 36.589
461.087, 36.365
461.96, 36.067
462.833, 35.843
464.14, 35.544
465.012, 35.321
465.884, 35.097
467.191, 34.798
468.063, 34.575
468.935, 34.351
470.242, 34.052
471.113, 33.903
471.983, 33.754
472.855, 33.53
474.161, 33.307
475.033, 33.083
475.904, 32.934
477.21, 32.71
478.081, 32.561
478.951, 32.412
480.255, 32.338
481.125, 32.189
481.996, 32.04
482.865, 31.964
484.171, 31.742
485.042, 31.593
485.912, 31.444
487.217, 31.295
488.088, 31.146
488.956, 31.071
490.262, 30.922
491.132, 30.773
492.002, 30.698
492.871, 30.55
494.176, 30.476
495.045, 30.401
495.914, 30.327
497.219, 30.178
498.088, 30.104
498.959, 29.955
500.265, 29.73
501.137, 29.507
502.008, 29.358
502.882, 28.984
504.191, 28.612
505.063, 28.388
505.936, 28.089
507.245, 27.716
508.119, 27.343
508.992, 27.044
509.867, 26.671
511.181, 25.999
512.056, 25.551
512.934, 25.028
514.25, 24.207
515.13, 23.534
516.007, 23.012
516.883, 22.564
518.198, 21.817
519.073, 21.369
519.951, 20.846
521.264, 20.174
522.139, 19.801
523.013, 19.427
523.888, 19.054
525.199, 18.531
526.068, 18.457
526.94, 18.233
528.258, 17.337
529.131, 17.038
530.005, 16.74
530.879, 16.367
532.188, 15.994
533.06, 15.77
533.931, 15.546
535.24, 15.173
536.112, 14.948
536.984, 14.725
537.855, 14.576
539.162, 14.278
540.034, 14.054
540.906, 13.83
542.212, 13.605
543.082, 13.457
543.952, 13.308
545.26, 13.01
546.131, 12.861
547.002, 12.712
547.871, 12.637
549.174, 12.563
550.045, 12.414
550.914, 12.34
552.22, 12.116
553.09, 12.042
553.96, 11.893
554.831, 11.669
556.138, 11.445
557.007, 11.371
557.877, 11.297
559.18, 11.222
560.048, 11.223
560.918, 11.148
562.221, 11.074
563.092, 10.925
563.96, 10.851
565.266, 10.702
566.135, 10.628
567.004, 10.553
567.874, 10.479
569.178, 10.33
570.049, 10.181
570.918, 10.107
572.223, 9.958
573.092, 9.883
573.962, 9.809
574.831, 9.66
576.137, 9.511
577.006, 9.437
577.876, 9.362
579.18, 9.213
580.05, 9.139
580.92, 8.99
582.224, 8.916
583.094, 8.767
583.964, 8.692
584.833, 8.617
586.138, 8.468
587.007, 8.395
587.876, 8.32
589.181, 8.172
590.052, 8.022
590.921, 7.948
592.224, 7.874
593.095, 7.725
593.964, 7.651
594.835, 7.501
596.138, 7.427
597.008, 7.353
597.877, 7.279
599.182, 7.13
600.051, 7.055
600.92, 6.98
602.224, 6.907
603.094, 6.758
603.964, 6.683
604.834, 6.534
606.138, 6.46
607.007, 6.386
607.877, 6.311
609.18, 6.237
610.049, 6.163
610.919, 6.089
612.223, 5.94
613.093, 5.865
613.963, 5.716
614.833, 5.642
616.137, 5.492
617.008, 5.343
617.877, 5.27
619.182, 5.121
620.051, 5.046
620.921, 4.972
622.225, 4.823
623.095, 4.749
623.964, 4.674
624.833, 4.6
626.138, 4.451
627.009, 4.302
627.878, 4.228
629.181, 4.154
630.051, 4.079
630.92, 4.005
632.225, 3.855
633.094, 3.782
633.963, 3.706
634.833, 3.633
636.137, 3.484
637.007, 3.41
637.876, 3.335
639.178, 3.336
640.048, 3.262
640.918, 3.113
642.222, 3.038
643.09, 3.039
643.959, 2.964
645.264, 2.815
646.133, 2.741
647.002, 2.667
647.871, 2.592
649.175, 2.518
650.044, 2.444
650.912, 2.444
652.216, 2.37
653.085, 2.296
653.954, 2.222
655.258, 2.147
656.127, 2.073
656.996, 1.999
657.865, 1.999
659.168, 1.925
660.037, 1.851
660.907, 1.776
662.21, 1.702
663.078, 1.702
663.947, 1.628
665.251, 1.554
666.119, 1.554
666.988, 1.48
667.855, 1.48
669.16, 1.406
670.029, 1.332
670.897, 1.332
672.2, 1.258
673.07, 1.184
673.938, 1.184
675.24, 1.185
676.109, 1.11
676.976, 1.111
677.847, 1.036
679.149, 1.037
680.018, 0.963
680.886, 0.963
682.189, 0.889
683.057, 0.889
683.926, 0.89
685.229, 0.815
686.097, 0.815
686.964, 0.815
687.834, 0.742
689.136, 0.742
690.004, 0.742
690.873, 0.742
692.176, 0.669
693.044, 0.67
693.912, 0.67
695.214, 0.67
696.083, 0.596
696.951, 0.597
698.256, 0.448
698.693, 0.298
